2.33781186461	0.0546471219632
0.0	0.0
0.100523016393	0.00609882528365
0.0105714318272	0.00188235284065
-0.00259715695332	0.000296845851351
0.0	0.0
-0.0109726603514	0.00165229677128
1.40970231064e-05	2.07997648121e-05
-1.75166151331e-05	1.35282881178e-06
0.0	0.0
4.87630496308e-05	5.77713460969e-05
0.0	0.0
2.6782939312	0.0651242407381
0.0705964060737	0.00772337052897
-0.00322487280145	0.000513407043184
7.26330851846e-05	1.50422682535e-05
0.0	0.0
10.1895582595	0.38975663929
0.0	0.0
-0.201819515709	0.0792088205021
-0.009549792391	0.010325943587
0.00168077650143	0.00079557590424
-8.50727531583e-05	2.76489862964e-05
0.0	0.0
11.22033445	0.153267772947
3.74261790922	0.0847058919561
0.439580362481	0.00615483535192
1.68217975819	0.0105496088709
3.57938565959	0.0152616729814
5.54873621918	0.020381632289
