2.39422592078	0.0550976191595
0.0	0.0
0.106013221144	0.0102728731207
0.00695067330182	0.00179915009866
-0.00191940309888	0.000299281353463
0.0	0.0
-0.0576248676714	0.00785965282859
0.00274544934213	0.000674555997886
-0.000148115473711	2.61821191648e-05
0.0	0.0
-0.000156997547334	0.000128214301456
0.0	0.0
3.70610443482	0.0571330087347
-0.00768157761961	0.00279714601714
0.0	0.0
0.0	0.0
0.0	0.0
1.84199134379	0.668937905446
0.0	0.0
0.437875394704	0.115670623242
-0.0673366170939	0.01202645797
0.0028960975893	0.000535649250469
0.0	0.0
0.0	0.0
8.36914757643	0.130716703871
4.81625026156	0.0847015622005
0.441141282483	0.00764433881087
1.73625529214	0.0140946829603
3.53674571143	0.0217298377727
5.70141645652	0.0319295797312
