2.48794980354	0.056874763057
0.0	0.0
0.0723823176721	0.0118261886144
0.0246554993362	0.00353934459646
-0.00598140734322	0.000593074936011
0.0	0.0
0.0101991753197	0.00268375175076
-0.00125280908984	0.000157461698792
1.6927961843e-05	4.94487874181e-06
0.0	0.0
0.000605482707436	0.000141201934641
0.0	0.0
2.49951180713	0.0257264293112
0.022776682388	0.00137500381088
0.000201373030827	7.44736868061e-05
-2.89726903042e-05	2.92379886427e-06
0.0	0.0
7.75095802806	0.103056574055
0.0	0.0
0.141741444582	0.0204541021599
-0.0285600252333	0.00278649710797
0.00210940168127	0.000211093944501
-6.96098123864e-05	7.06641819229e-06
0.0	0.0
9.72337856249	0.0986373548201
2.91153983994	0.0442347223028
0.51322016921	0.00588252064013
1.55024048242	0.00777147038518
3.34412298903	0.0109381974244
4.98255562057	0.0139828176248
