23.0	0.0030741441885777502	0.061074748632269797	0.29675266153269336	0.66942676057790018	0.99999999999999978
24.0	0.0041061867220625941	0.064342282859172442	0.29023482971969905	0.66841056512688046	1.0
25.0	0.0043752624568785797	0.057056669256272348	0.2725094948574493	0.64942354953893244	1.0
26.0	0.0057258416088437998	0.057873440459336394	0.26713397360098795	0.64889652246307183	1.0
27.0	0.0067176021274100309	0.056211396691236253	0.2648712504160195	0.64578925674620136	1.0
28.0	0.00854954497704348	0.059698207030798867	0.26900010390710349	0.65413508215586624	0.99999999999999978
29.0	0.0095409922253678805	0.065267360539817798	0.26846217455193266	0.65390157081231759	1.0
30.0	0.01374876612193769	0.065859722274518973	0.27905653345978237	0.66701187027178555	1.0
31.0	0.012478455848262642	0.067619075652348315	0.2881905494939101	0.67411026250627681	1.0
32.0	0.011082827056240068	0.06429067440502724	0.298143479056664	0.68410657659691432	1.0
33.0	0.0080919019195470829	0.065639283258163969	0.30077737642312885	0.68402046629715196	1.0
34.0	0.0095140606921502082	0.063330302286910931	0.30397715001511821	0.69111429822990855	1.0
35.0	0.011036007650164145	0.067652324425196642	0.31232813703143392	0.70245724242773688	0.99999999999999978
36.0	0.012435790920277027	0.071324298792071306	0.31823986646012359	0.71888899417724272	1.0
37.0	0.016106071575588733	0.084234430876452174	0.33209138731950127	0.72621057711216197	1.0
38.0	0.017782733456353755	0.084062676946317902	0.33935491246353849	0.73577310095491311	1.0
39.0	0.019271569651583158	0.086774165759023691	0.34980048910088801	0.73230419723563789	0.99999999999999978
40.0	0.019586914744651667	0.086281818610509375	0.36215829689106355	0.74176515178770563	1.0
41.0	0.019422103684978809	0.097053521573131935	0.37516466982598229	0.74671404914752049	0.99999999999999978
42.0	0.020910832167929282	0.10668493346995445	0.39027178359665288	0.76600356080518905	1.0
43.0	0.020887299979492235	0.11521654429847313	0.40274589730840427	0.77303449054091122	0.99999999999999989
44.0	0.025618362468282248	0.12257347521604585	0.42238657336373264	0.78157597777869792	1.0
45.0	0.024480024924773483	0.11977074113645318	0.42894536860612886	0.78003421791242	1.0
46.0	0.028649791636780376	0.12008438300794562	0.43005301981005284	0.78717377169789415	1.0
47.0	0.028910375338383566	0.12446796688249234	0.43006233960867879	0.78640807024960324	1.0000000000000002
48.0	0.034028809201860626	0.13531418370446857	0.43871379242797154	0.79380197157612309	1.0
49.0	0.032797540049567517	0.1408080996342406	0.44351425666253153	0.78812420782284709	1.0
50.0	0.035152216588065624	0.14684940197826318	0.44896476721943457	0.79602725846147937	1.0
51.0	0.033736141914236649	0.15129868016678277	0.45099172999349202	0.80236995070164907	1.0
52.0	0.0384500008319828	0.1607948670799777	0.46272833176805128	0.81739280323893859	1.0
53.0	0.039616213589807402	0.16474736487128799	0.47009317455609673	0.82466381161777724	1.0
54.0	0.043674564242432705	0.17048837771689443	0.48730630167156452	0.82988465898766495	0.99999999999999978
55.0	0.04594904371794635	0.17151930666941473	0.49496990444174377	0.83797799843821896	1.0
56.0	0.047060680356278098	0.17198615693491598	0.49284525351908109	0.83625778149479313	1.0
57.0	0.053673794802366101	0.17685693688741944	0.49029826023912476	0.83434119328502432	1.0
58.0	0.052717713384159856	0.18695920165555263	0.49766695529758337	0.82699960439661169	1.0
59.0	0.060160946913396719	0.19234783178510925	0.50131782568631544	0.83098419168742477	1.0
60.0	0.058872984864736459	0.1902838532403221	0.50477480761340576	0.8369544315485592	1.0000000000000002
61.0	0.061761932233244943	0.19491156797837261	0.50361071675815272	0.84620138844833981	0.99999999999999989
62.0	0.057894624205289159	0.19793064311422187	0.52953858420404487	0.85336300725827874	1.0
63.0	0.062487960463056103	0.21066844694046633	0.52772935780743002	0.85702492926414364	0.99999999999999978
64.0	0.067976449879789333	0.21184169191659369	0.54544592011156001	0.86453956896698925	0.99999999999999989
65.0	0.076958702717798991	0.21876332204453885	0.54196816537507997	0.88137825601327224	1.0
66.0	0.07497021747837003	0.22055400966332683	0.56408662245793795	0.87855915446014732	1.0
67.0	0.078752245430448301	0.23086093516822181	0.55631481202173894	0.87814673734513304	1.0
68.0	0.076021054969360485	0.23821414048170642	0.55899662445066245	0.86052601600399292	1.0
69.0	0.07843639996760475	0.25210056998385577	0.5555002801783524	0.87098585060064648	0.99999999999999989
70.0	0.073485392809836028	0.25696765280930894	0.57295888854095534	0.85722636389941198	1.0000000000000002
71.0	0.075314102974940469	0.26438618799535346	0.57271969488372421	0.86196778580707967	1.0000000000000002
72.0	0.07525192026692297	0.2653977667862194	0.58167030013205501	0.85991178102315269	1.0
73.0	0.081849528097973537	0.27577294342876968	0.5888354455755358	0.89161903371408946	1.0
74.0	0.09305550032020353	0.28711334501225205	0.60953606312094888	0.8953352104691521	0.99999999999999978
75.0	0.10722627735762687	0.31799397019868147	0.62567885894150832	0.90596897595839287	1.0
76.0	0.11267650357235948	0.31221876962028672	0.62737281940798373	0.88525494508978397	0.99999999999999989
77.0	0.11603398938162851	0.33146794902366128	0.63754750513734526	0.89053309455726737	1.0
78.0	0.11363152898699043	0.30673623672903527	0.64870384972336637	0.89092581554325279	0.99999999999999989
79.0	0.12517414402816915	0.32485540686340492	0.66160348727656382	0.90435836303799455	1.0
80.0	0.1276428119785834	0.32235389401248643	0.64760603898457858	0.91583033925975599	0.99999999999999978
81.0	0.12788015702085329	0.32973748629826954	0.63641328306192735	0.9174408930914224	1.0
82.0	0.12902176862977735	0.34298500829815137	0.63029707007091662	0.91620880575405184	0.99999999999999978
83.0	0.13600906431874818	0.34849199891643579	0.64704412781159704	0.90835642602102173	1.0
84.0	0.16469168722576857	0.40831298353507711	0.69682563080886195	0.91925792082321323	1.0
85.0	0.15985388673772252	0.41069647566677647	0.7096619967097566	0.9351186312783808	1.0
86.0	0.15604755810407026	0.4003415580464938	0.71942199134470197	0.93232438436039311	0.99999999999999989
87.0	0.1421240406713293	0.37831960846937518	0.69691905885412075	0.91565455805084583	0.99999999999999989
88.0	0.16099357657201355	0.38855179629606507	0.71088674865101131	0.90389703406170296	0.99999999999999989
89.0	0.16736037506495646	0.46128754598460264	0.75079103818181392	0.90498133145312476	0.99999999999999989
90.0	0.17145575082378786	0.43174758257492551	0.75028164473168046	0.89586438882786745	0.99999999999999989
