--------------------------------------------------------------------------------------------------------------------------------------------------------------
      name:  <unnamed>
       log:  C:\Users\mnwecon\Documents\Repos\HiddenHealth\Data\HRS\RetRegressMen.txt
  log type:  text
 opened on:  14 Feb 2022, 16:06:55

. 
. *regress R age agesq agecu i.h2 [aweight=weight] if sex==1 & age >= 50
. *regress R age agesq agecu i.h2 i.h1 [aweight=weight] if sex==1 & age >= 50
. *regress R age agesq agecu i.hq [aweight=weight] if sex==1 & age >= 50
. regress R w0 i.age i.hq [aweight=weight] if sex==1 & age >= 50
(sum of wgt is 66,035.8115474358)

      Source |       SS           df       MS      Number of obs   =    63,548
-------------+----------------------------------   F(65, 63482)    =   1374.24
       Model |  9100.48623        65  140.007481   Prob > F        =    0.0000
    Residual |  6467.53951    63,482  .101879895   R-squared       =    0.5846
-------------+----------------------------------   Adj R-squared   =    0.5841
       Total |  15568.0257    63,547  .244984433   Root MSE        =    .31919

------------------------------------------------------------------------------
           R |      Coef.   Std. Err.      t    P>|t|     [95% Conf. Interval]
-------------+----------------------------------------------------------------
          w0 |  -.6207151   .0030892  -200.93   0.000    -.6267699   -.6146602
             |
         age |
         51  |   .0133801    .020232     0.66   0.508    -.0262746    .0530348
         52  |   .0219253   .0200214     1.10   0.273    -.0173168    .0611673
         53  |   .0138204   .0190171     0.73   0.467    -.0234532     .051094
         54  |   .0226111   .0189023     1.20   0.232    -.0144375    .0596597
         55  |   .0419668   .0184923     2.27   0.023     .0057219    .0782116
         56  |   .0591582   .0184885     3.20   0.001     .0229207    .0953956
         57  |   .0698526   .0184694     3.78   0.000     .0336525    .1060527
         58  |   .0673122   .0184766     3.64   0.000     .0310979    .1035264
         59  |   .0849046   .0185282     4.58   0.000     .0485892    .1212199
         60  |   .1421744   .0185368     7.67   0.000     .1058422    .1785067
         61  |   .1994591   .0185987    10.72   0.000     .1630057    .2359126
         62  |   .1936499   .0186251    10.40   0.000     .1571447    .2301551
         63  |   .1815189   .0187117     9.70   0.000     .1448439    .2181939
         64  |   .2126578   .0187303    11.35   0.000     .1759464    .2493693
         65  |   .2249687   .0187552    12.00   0.000     .1882085    .2617289
         66  |   .2116006   .0188296    11.24   0.000     .1746944    .2485067
         67  |      .2371   .0190849    12.42   0.000     .1996935    .2745065
         68  |   .2222235   .0191056    11.63   0.000     .1847765    .2596704
         69  |   .2254989   .0190589    11.83   0.000     .1881435    .2628543
         70  |   .2531625   .0191218    13.24   0.000     .2156837    .2906412
         71  |   .2402861   .0195593    12.29   0.000     .2019499    .2786223
         72  |    .245369   .0195715    12.54   0.000     .2070088    .2837292
         73  |   .2485147    .019779    12.56   0.000     .2097478    .2872815
         74  |   .2493931    .019849    12.56   0.000      .210489    .2882973
         75  |   .2633468   .0200353    13.14   0.000     .2240776     .302616
         76  |   .2501811   .0200895    12.45   0.000     .2108056    .2895567
         77  |   .2552497   .0203694    12.53   0.000     .2153257    .2951737
         78  |    .261826   .0204117    12.83   0.000     .2218191    .3018329
         79  |    .265702   .0206923    12.84   0.000      .225145    .3062591
         80  |   .2676425   .0210656    12.71   0.000     .2263539     .308931
         81  |   .2820495   .0216352    13.04   0.000     .2396445    .3244546
         82  |   .2634236    .021509    12.25   0.000     .2212659    .3055812
         83  |   .2609705   .0223571    11.67   0.000     .2171505    .3047904
         84  |   .2795069   .0224577    12.45   0.000     .2354898     .323524
         85  |   .2734328   .0234275    11.67   0.000      .227515    .3193507
         86  |   .2793253   .0240659    11.61   0.000     .2321562    .3264944
         87  |   .2812088   .0252895    11.12   0.000     .2316413    .3307763
         88  |   .2501788   .0264179     9.47   0.000     .1983997    .3019579
         89  |   .2663721   .0284165     9.37   0.000     .2106757    .3220686
         90  |   .2970785   .0309301     9.60   0.000     .2364555    .3577015
             |
          hq |
          1  |   .0014275   .0105663     0.14   0.893    -.0192825    .0221376
          2  |   .0280958   .0139116     2.02   0.043      .000829    .0553625
          3  |    .006215    .022293     0.28   0.780    -.0374793    .0499094
          4  |   .1411489   .0378036     3.73   0.000     .0670538     .215244
          5  |  -.0352585   .0113128    -3.12   0.002    -.0574315   -.0130854
          6  |   -.073209   .0081292    -9.01   0.000    -.0891423   -.0572757
          7  |  -.0757281   .0086728    -8.73   0.000    -.0927269   -.0587293
          8  |  -.0853037   .0118748    -7.18   0.000    -.1085783    -.062029
          9  |   -.101913    .021541    -4.73   0.000    -.1441333   -.0596927
         10  |  -.0698903   .0181946    -3.84   0.000    -.1055518   -.0342289
         11  |  -.0827764   .0089741    -9.22   0.000    -.1003657   -.0651871
         12  |  -.1232467   .0075783   -16.26   0.000    -.1381002   -.1083932
         13  |  -.1276769   .0081998   -15.57   0.000    -.1437486   -.1116052
         14  |  -.1395889   .0127629   -10.94   0.000    -.1646043   -.1145735
         15  |  -.1080454   .0317505    -3.40   0.001    -.1702765   -.0458144
         16  |  -.1110038    .013443    -8.26   0.000    -.1373522   -.0846554
         17  |  -.1402635   .0084424   -16.61   0.000    -.1568105   -.1237164
         18  |  -.1543252   .0075946   -20.32   0.000    -.1692107   -.1394398
         19  |  -.1758154   .0090541   -19.42   0.000    -.1935613   -.1580694
         20  |    -.07391   .0534578    -1.38   0.167    -.1786872    .0308673
         21  |  -.1099478   .0265872    -4.14   0.000    -.1620588   -.0578369
         22  |   -.147297   .0149044    -9.88   0.000    -.1765097   -.1180843
         23  |  -.1502236   .0097351   -15.43   0.000    -.1693044   -.1311429
         24  |  -.1872848   .0086115   -21.75   0.000    -.2041633   -.1704063
             |
       _cons |   .8240061     .01892    43.55   0.000     .7869229    .8610893
------------------------------------------------------------------------------

. *regress R age agesq agecu hx [aweight=weight] if sex==1 & age >= 50
. *regress R age agesq agecu i.hz [aweight=weight] if sex==1 & age >= 50
. *regress R age agesq agecu xhat [aweight=weight] if sex==1 & age >= 50
. regress R w0 age agesq agecu xhat xhatsq [aweight=weight] if sex==1 & age >= 50
(sum of wgt is 66,035.8115474358)

      Source |       SS           df       MS      Number of obs   =    63,548
-------------+----------------------------------   F(6, 63541)     =  14726.28
       Model |  9055.73763         6   1509.2896   Prob > F        =    0.0000
    Residual |  6512.28812    63,541  .102489544   R-squared       =    0.5817
-------------+----------------------------------   Adj R-squared   =    0.5816
       Total |  15568.0257    63,547  .244984433   Root MSE        =    .32014

------------------------------------------------------------------------------
           R |      Coef.   Std. Err.      t    P>|t|     [95% Conf. Interval]
-------------+----------------------------------------------------------------
          w0 |  -.6210998   .0030794  -201.70   0.000    -.6271355   -.6150642
         age |   .1105656   .0192439     5.75   0.000     .0728476    .1482836
       agesq |  -.0011334   .0002838    -3.99   0.000    -.0016896   -.0005772
       agecu |   3.70e-06   1.38e-06     2.68   0.007     9.93e-07    6.40e-06
        xhat |  -.0183688   .0009817   -18.71   0.000     -.020293   -.0164446
      xhatsq |   .0004166     .00007     5.95   0.000     .0002794    .0005537
       _cons |  -2.405635    .430118    -5.59   0.000    -3.248667   -1.562603
------------------------------------------------------------------------------

. *regress R i.ageSRHS [aweight=weight] if sex==1 & age >= 50
. capture log close
