--------------------------------------------------------------------------------------------------------------------------------------------------------------
      name:  <unnamed>
       log:  C:\Users\mnwecon\Documents\Repos\HiddenHealth\Data\HRS\RetRegressWomen.txt
  log type:  text
 opened on:  14 Feb 2022, 16:06:54

. 
. *regress R age agesq agecu i.h2 [aweight=weight] if sex==0 & age >= 50
. *regress R age agesq agecu i.h2 i.h1 [aweight=weight] if sex==0 & age >= 50
. *regress R age agesq agecu i.hq [aweight=weight] if sex==0 & age >= 50
. regress R w0 i.age i.hq [aweight=weight] if sex==0 & age >= 50
(sum of wgt is 83,377.1162915304)

      Source |       SS           df       MS      Number of obs   =    88,189
-------------+----------------------------------   F(65, 88123)    =   2120.07
       Model |  12112.9505        65  186.353085   Prob > F        =    0.0000
    Residual |  7745.98267    88,123  .087899671   R-squared       =    0.6099
-------------+----------------------------------   Adj R-squared   =    0.6097
       Total |  19858.9332    88,188   .22518861   Root MSE        =    .29648

------------------------------------------------------------------------------
           R |      Coef.   Std. Err.      t    P>|t|     [95% Conf. Interval]
-------------+----------------------------------------------------------------
          w0 |  -.6457105   .0024594  -262.54   0.000     -.650531     -.64089
             |
         age |
         51  |   .0085159   .0105778     0.81   0.421    -.0122165    .0292484
         52  |  -.0063715   .0101938    -0.63   0.532    -.0263512    .0136083
         53  |   .0024815   .0097583     0.25   0.799    -.0166447    .0216076
         54  |   .0432238   .0096287     4.49   0.000     .0243515     .062096
         55  |    .050729   .0094003     5.40   0.000     .0323046    .0691535
         56  |   .0435485   .0093676     4.65   0.000      .025188     .061909
         57  |   .0544815   .0094109     5.79   0.000     .0360363    .0729268
         58  |   .0895183   .0093893     9.53   0.000     .0711153    .1079213
         59  |   .0877051   .0094628     9.27   0.000     .0691581    .1062522
         60  |    .133759   .0094666    14.13   0.000     .1152045    .1523134
         61  |   .1595966    .009538    16.73   0.000     .1409022    .1782911
         62  |   .1675773   .0095345    17.58   0.000     .1488897    .1862649
         63  |   .1621391     .00965    16.80   0.000     .1432252    .1810529
         64  |   .1948187   .0096409    20.21   0.000     .1759226    .2137148
         65  |   .1864221   .0097888    19.04   0.000     .1672362     .205608
         66  |    .194949   .0098721    19.75   0.000     .1755999    .2142982
         67  |   .1903933   .0102469    18.58   0.000     .1703095    .2104772
         68  |   .1973882   .0101696    19.41   0.000     .1774559    .2173205
         69  |   .2138289   .0102646    20.83   0.000     .1937105    .2339474
         70  |   .2148222   .0102558    20.95   0.000      .194721    .2349234
         71  |   .2137416   .0106936    19.99   0.000     .1927823     .234701
         72  |    .220553   .0106235    20.76   0.000     .1997311    .2413749
         73  |   .2104972   .0107059    19.66   0.000     .1895137    .2314808
         74  |   .2183597   .0107783    20.26   0.000     .1972344    .2394851
         75  |   .2272788   .0110182    20.63   0.000     .2056833    .2488744
         76  |   .2165713    .010983    19.72   0.000     .1950448    .2380979
         77  |   .2170935   .0112493    19.30   0.000     .1950449    .2391421
         78  |   .2301085   .0111257    20.68   0.000     .2083022    .2519148
         79  |   .2317741   .0114527    20.24   0.000     .2093268    .2542213
         80  |   .2274833   .0118811    19.15   0.000     .2041964    .2507702
         81  |   .2239762   .0122715    18.25   0.000     .1999242    .2480282
         82  |   .2253051   .0118241    19.05   0.000     .2021299    .2484802
         83  |   .2285693   .0123189    18.55   0.000     .2044244    .2527141
         84  |   .2238949   .0124326    18.01   0.000      .199527    .2482628
         85  |   .2263636   .0129181    17.52   0.000     .2010442    .2516831
         86  |   .2227672   .0131725    16.91   0.000     .1969491    .2485852
         87  |    .220259   .0143277    15.37   0.000     .1921769    .2483412
         88  |   .2220496   .0147469    15.06   0.000     .1931459    .2509534
         89  |   .2281957   .0157779    14.46   0.000     .1972711    .2591204
         90  |   .2208928   .0170606    12.95   0.000     .1874542    .2543315
             |
          hq |
          1  |  -.0052429   .0079727    -0.66   0.511    -.0208693    .0103836
          2  |   .0106967   .0110604     0.97   0.333    -.0109816    .0323751
          3  |   .0468527     .01824     2.57   0.010     .0111025     .082603
          4  |  -.0495651   .0362548    -1.37   0.172    -.1206243     .021494
          5  |  -.0232716   .0082637    -2.82   0.005    -.0394684   -.0070748
          6  |  -.0431714   .0060209    -7.17   0.000    -.0549724   -.0313705
          7  |  -.0538781   .0066168    -8.14   0.000     -.066847   -.0409092
          8  |  -.0384013   .0095922    -4.00   0.000    -.0572019   -.0196007
          9  |  -.0494349   .0208445    -2.37   0.018    -.0902899   -.0085799
         10  |  -.0363602   .0138447    -2.63   0.009    -.0634957   -.0092248
         11  |  -.0731675   .0068259   -10.72   0.000    -.0865462   -.0597888
         12  |  -.0878377   .0056639   -15.51   0.000    -.0989388   -.0767366
         13  |  -.0992089   .0061992   -16.00   0.000    -.1113593   -.0870585
         14  |  -.0980657   .0107813    -9.10   0.000    -.1191969   -.0769345
         15  |  -.0070307   .0266476    -0.26   0.792    -.0592597    .0451984
         16  |  -.0772578   .0108161    -7.14   0.000    -.0984572   -.0560584
         17  |  -.0960004   .0063707   -15.07   0.000    -.1084868   -.0835139
         18  |  -.1173487   .0056478   -20.78   0.000    -.1284184   -.1062791
         19  |  -.1274038   .0069538   -18.32   0.000    -.1410331   -.1137744
         20  |  -.0321416   .0764181    -0.42   0.674    -.1819204    .1176371
         21  |   -.053174   .0248879    -2.14   0.033    -.1019541   -.0043938
         22  |  -.1078273   .0131195    -8.22   0.000    -.1335415   -.0821132
         23  |  -.1087163   .0074466   -14.60   0.000    -.1233115   -.0941211
         24  |  -.1347578   .0064591   -20.86   0.000    -.1474176   -.1220979
             |
       _cons |   .8455005   .0095791    88.27   0.000     .8267256    .8642754
------------------------------------------------------------------------------

. *regress R age agesq agecu hx [aweight=weight] if sex==0 & age >= 50
. *regress R age agesq agecu i.hz [aweight=weight] if sex==0 & age >= 50
. *regress R age agesq agecu xhat [aweight=weight] if sex==0 & age >= 50
. regress R w0 age agesq agecu xhat xhatsq [aweight=weight] if sex==0 & age >= 50
(sum of wgt is 83,377.1162915304)

      Source |       SS           df       MS      Number of obs   =    88,189
-------------+----------------------------------   F(6, 88182)     =  22833.40
       Model |  12082.1239         6  2013.68732   Prob > F        =    0.0000
    Residual |  7776.80928    88,182  .088190439   R-squared       =    0.6084
-------------+----------------------------------   Adj R-squared   =    0.6084
       Total |  19858.9332    88,188   .22518861   Root MSE        =    .29697

------------------------------------------------------------------------------
           R |      Coef.   Std. Err.      t    P>|t|     [95% Conf. Interval]
-------------+----------------------------------------------------------------
          w0 |  -.6466351   .0024549  -263.41   0.000    -.6514466   -.6418235
         age |   .0945797   .0132687     7.13   0.000     .0685732    .1205861
       agesq |   -.000961   .0001956    -4.91   0.000    -.0013444   -.0005775
       agecu |   3.05e-06   9.49e-07     3.22   0.001     1.19e-06    4.91e-06
        xhat |  -.0131074   .0007219   -18.16   0.000    -.0145223   -.0116925
      xhatsq |   .0002742   .0000524     5.23   0.000     .0001714     .000377
       _cons |  -1.915718   .2962416    -6.47   0.000    -2.496349   -1.335088
------------------------------------------------------------------------------

. *regress R i.ageSRHS [aweight=weight] if sex==0 & age >= 50
. capture log close
